333.357 -688.297 0 -0.43589 0.9 -0 0 -1 0
-402.72 -535.342 368.924 0.526587 0.7 -0.482397 0 -1 0
57.9032 -382.387 -659.778 -0.0757127 0.5 0.862709 0 -1 0
443.886 -229.432 578.97 -0.580414 0.3 -0.757047 0 -1 0
-749.309 -76.4774 -132.542 0.979778 0.1 0.173308 0 -1 0
642.048 76.4774 -408.418 -0.839526 -0.1 0.534038 0 -1 0
-189.393 229.432 704.536 0.247646 -0.3 -0.921234 0 -1 0
-305.266 382.387 -587.769 0.399158 -0.5 0.768552 0 -1 0
513.018 535.342 187.353 -0.67081 -0.7 -0.244978 0 -1 0
-308.137 688.297 127.195 0.402913 -0.9 -0.166317 0 -1 0
315.302 -651.017 0 -0.43589 0.9 -0 0 -1 0
-380.907 -506.346 348.942 0.526587 0.7 -0.482397 0 -1 0
54.7669 -361.676 -624.042 -0.0757127 0.5 0.862709 0 -1 0
419.844 -217.006 547.611 -0.580414 0.3 -0.757047 0 -1 0
-708.724 -72.3352 -125.363 0.979778 0.1 0.173308 0 -1 0
607.273 72.3352 -386.297 -0.839526 -0.1 0.534038 0 -1 0
-179.135 217.006 666.376 0.247646 -0.3 -0.921234 0 -1 0
-288.732 361.676 -555.934 0.399158 -0.5 0.768552 0 -1 0
485.231 506.346 177.205 -0.67081 -0.7 -0.244978 0 -1 0
-291.448 651.017 120.306 0.402913 -0.9 -0.166317 0 -1 0
330.806 -683.029 0 -0.43589 0.9 -0 0 -1 0
-399.638 -531.245 366.101 0.526587 0.7 -0.482397 0 -1 0
57.46 -379.461 -654.729 -0.0757127 0.5 0.862709 0 -1 0
440.489 -227.676 574.539 -0.580414 0.3 -0.757047 0 -1 0
-743.574 -75.8922 -131.528 0.979778 0.1 0.173308 0 -1 0
637.134 75.8922 -405.293 -0.839526 -0.1 0.534038 0 -1 0
-187.944 227.677 699.144 0.247646 -0.3 -0.921234 0 -1 0
-302.93 379.461 -583.271 0.399158 -0.5 0.768552 0 -1 0
509.092 531.245 185.919 -0.67081 -0.7 -0.244978 0 -1 0
-305.779 683.03 126.221 0.402913 -0.9 -0.166317 0 -1 0
347.416 -717.325 0 -0.43589 0.9 -0 0 -1 0
-419.704 -557.919 384.483 0.526587 0.7 -0.482397 0 -1 0
60.3451 -398.514 -687.603 -0.0757127 0.5 0.862709 0 -1 0
462.606 -239.108 603.387 -0.580414 0.3 -0.757047 0 -1 0
-780.91 -79.7027 -138.132 0.979778 0.1 0.173308 0 -1 0
669.125 79.7028 -425.643 -0.839526 -0.1 0.534038 0 -1 0
-197.38 239.108 734.249 0.247646 -0.3 -0.921234 0 -1 0
-318.14 398.514 -612.557 0.399158 -0.5 0.768552 0 -1 0
534.654 557.919 195.254 -0.67081 -0.7 -0.244978 0 -1 0
-321.132 717.325 132.559 0.402913 -0.9 -0.166317 0 -1 0
313.543 -647.385 0 -0.43589 0.9 -0 0 -1 0
-378.783 -503.522 346.996 0.526587 0.7 -0.482397 0 -1 0
54.4615 -359.659 -620.562 -0.0757127 0.5 0.862709 0 -1 0
417.502 -215.795 544.557 -0.580414 0.3 -0.757047 0 -1 0
-704.771 -71.9317 -124.664 0.979778 0.1 0.173308 0 -1 0
603.885 71.9317 -384.143 -0.839526 -0.1 0.534038 0 -1 0
-178.136 215.795 662.659 0.247646 -0.3 -0.921234 0 -1 0
-287.121 359.659 -552.833 0.399158 -0.5 0.768552 0 -1 0
482.525 503.522 176.217 -0.67081 -0.7 -0.244978 0 -1 0
-289.822 647.385 119.634 0.402913 -0.9 -0.166317 0 -1 0
325.444 -671.958 0 -0.43589 0.9 -0 0 -1 0
-393.16 -522.634 360.167 0.526587 0.7 -0.482397 0 -1 0
56.5287 -373.31 -644.117 -0.0757127 0.5 0.862709 0 -1 0
433.349 -223.986 565.227 -0.580414 0.3 -0.757047 0 -1 0
-731.522 -74.662 -129.396 0.979778 0.1 0.173308 0 -1 0
626.807 74.6621 -398.724 -0.839526 -0.1 0.534038 0 -1 0
-184.897 223.986 687.812 0.247646 -0.3 -0.921234 0 -1 0
-298.019 373.31 -573.817 0.399158 -0.5 0.768553 0 -1 0
500.84 522.634 182.906 -0.67081 -0.7 -0.244978 0 -1 0
-300.823 671.959 124.175 0.402913 -0.9 -0.166317 0 -1 0
341.473 -705.054 0 -0.43589 0.9 -0 0 -1 0
-412.524 -548.375 377.906 0.526587 0.7 -0.482397 0 -1 0
59.3129 -391.697 -675.841 -0.0757127 0.5 0.862709 0 -1 0
454.692 -235.018 593.065 -0.580414 0.3 -0.757047 0 -1 0
-767.551 -78.3393 -135.769 0.979778 0.1 0.173308 0 -1 0
657.679 78.3393 -418.362 -0.839526 -0.1 0.534038 0 -1 0
-194.004 235.018 721.688 0.247646 -0.3 -0.921234 0 -1 0
-312.698 391.697 -602.079 0.399158 -0.5 0.768552 0 -1 0
525.508 548.375 191.914 -0.67081 -0.7 -0.244978 0 -1 0
-315.639 705.054 130.291 0.402913 -0.9 -0.166317 0 -1 0
349.319 -721.253 0 -0.43589 0.9 -0 0 -1 0
-422.003 -560.975 386.589 0.526587 0.7 -0.482397 0 -1 0
60.6756 -400.696 -691.369 -0.0757127 0.5 0.862709 0 -1 0
465.14 -240.418 606.692 -0.580414 0.3 -0.757047 0 -1 0
-785.187 -80.1393 -138.888 0.979778 0.1 0.173308 0 -1 0
672.79 80.1393 -427.974 -0.839526 -0.1 0.534038 0 -1 0
-198.462 240.418 738.27 0.247646 -0.3 -0.921234 0 -1 0
-319.882 400.696 -615.912 0.399158 -0.5 0.768553 0 -1 0
537.582 560.975 196.324 -0.67081 -0.7 -0.244978 0 -1 0
-322.891 721.254 133.285 0.402913 -0.9 -0.166317 0 -1 0
351.616 -725.996 0 -0.43589 0.9 -0 0 -1 0
-424.778 -564.664 389.131 0.526587 0.7 -0.482397 0 -1 0
61.0746 -403.331 -695.915 -0.0757127 0.5 0.862709 0 -1 0
468.198 -241.999 610.681 -0.580414 0.3 -0.757047 0 -1 0
-790.35 -80.6663 -139.801 0.979778 0.1 0.173308 0 -1 0
677.214 80.6663 -430.788 -0.839526 -0.1 0.534038 0 -1 0
-199.767 241.999 743.125 0.247646 -0.3 -0.921234 0 -1 0
-321.986 403.331 -619.963 0.399158 -0.5 0.768553 0 -1 0
541.117 564.664 197.615 -0.67081 -0.7 -0.244978 0 -1 0
-325.015 725.996 134.161 0.402913 -0.9 -0.166317 0 -1 0
357.622 -738.396 0 -0.43589 0.9 -0 0 -1 0
-432.033 -574.308 395.778 0.526587 0.7 -0.482397 0 -1 0
62.1178 -410.22 -707.802 -0.0757127 0.5 0.862709 0 -1 0
476.195 -246.132 621.112 -0.580414 0.3 -0.757047 0 -1 0
-803.849 -82.044 -142.189 0.979778 0.1 0.173308 0 -1 0
688.781 82.044 -438.146 -0.839526 -0.1 0.534038 0 -1 0
-203.179 246.132 755.817 0.247646 -0.3 -0.921234 0 -1 0
-327.485 410.22 -630.551 0.399158 -0.5 0.768552 0 -1 0
550.359 574.308 200.99 -0.67081 -0.7 -0.244978 0 -1 0
-330.566 738.396 136.453 0.402913 -0.9 -0.166317 0 -1 0
368.604 -761.073 0 -0.43589 0.9 -0 0 -1 0
-445.301 -591.945 407.932 0.526587 0.7 -0.482397 0 -1 0
64.0254 -422.818 -729.538 -0.0757127 0.5 0.862709 0 -1 0
490.819 -253.691 640.186 -0.580414 0.3 -0.757047 0 -1 0
-828.536 -84.5636 -146.556 0.979778 0.1 0.173308 0 -1 0
709.934 84.5636 -451.602 -0.839526 -0.1 0.534038 0 -1 0
-209.418 253.691 779.029 0.247646 -0.3 -0.921234 0 -1 0
-337.542 422.818 -649.916 0.399158 -0.5 0.768552 0 -1 0
567.261 591.945 207.162 -0.67081 -0.7 -0.244978 0 -1 0
-340.718 761.073 140.643 0.402913 -0.9 -0.166317 0 -1 0
320.361 -661.462 0 -0.43589 0.9 -0 0 -1 0
-387.019 -514.47 354.541 0.526587 0.7 -0.482397 0 -1 0
55.6456 -367.479 -634.055 -0.0757127 0.5 0.862709 0 -1 0
426.58 -220.487 556.397 -0.580414 0.3 -0.757047 0 -1 0
-720.095 -73.4957 -127.374 0.979778 0.1 0.173308 0 -1 0
617.016 73.4957 -392.495 -0.839526 -0.1 0.534038 0 -1 0
-182.009 220.487 677.067 0.247646 -0.3 -0.921234 0 -1 0
-293.364 367.479 -564.853 0.399158 -0.5 0.768552 0 -1 0
493.016 514.47 180.048 -0.67081 -0.7 -0.244978 0 -1 0
-296.124 661.462 122.236 0.402913 -0.9 -0.166317 0 -1 0
327.786 -676.794 0 -0.43589 0.9 -0 0 -1 0
-395.99 -526.395 362.759 0.526587 0.7 -0.482397 0 -1 0
56.9355 -375.997 -648.752 -0.0757127 0.5 0.862709 0 -1 0
436.467 -225.598 569.294 -0.580414 0.3 -0.757047 0 -1 0
-736.786 -75.1993 -130.327 0.979778 0.1 0.173308 0 -1 0
631.318 75.1993 -401.593 -0.839526 -0.1 0.534038 0 -1 0
-186.228 225.598 692.761 0.247646 -0.3 -0.921234 0 -1 0
-300.164 375.997 -577.946 0.399158 -0.5 0.768552 0 -1 0
504.444 526.395 184.222 -0.67081 -0.7 -0.244978 0 -1 0
-302.987 676.794 125.069 0.402913 -0.9 -0.166317 0 -1 0
350.233 -723.141 0 -0.43589 0.9 -0 0 -1 0
-423.107 -562.443 387.601 0.526587 0.7 -0.482397 0 -1 0
60.8344 -401.745 -693.179 -0.0757127 0.5 0.862709 0 -1 0
466.357 -241.047 608.28 -0.580414 0.3 -0.757047 0 -1 0
-787.242 -80.349 -139.252 0.979778 0.1 0.173308 0 -1 0
674.551 80.349 -429.094 -0.839526 -0.1 0.534038 0 -1 0
-198.981 241.047 740.202 0.247646 -0.3 -0.921234 0 -1 0
-320.719 401.745 -617.524 0.399158 -0.5 0.768552 0 -1 0
538.989 562.443 196.837 -0.67081 -0.7 -0.244978 0 -1 0
-323.736 723.141 133.634 0.402913 -0.9 -0.166317 0 -1 0
381.573 -787.849 0 -0.43589 0.9 -0 0 -1 0
-460.968 -612.771 422.284 0.526587 0.7 -0.482397 0 -1 0
66.278 -437.694 -755.205 -0.0757127 0.5 0.862709 0 -1 0
508.087 -262.616 662.709 -0.580414 0.3 -0.757047 0 -1 0
-857.685 -87.5388 -151.712 0.979778 0.1 0.173308 0 -1 0
734.911 87.5388 -467.49 -0.839526 -0.1 0.534038 0 -1 0
-216.786 262.616 806.437 0.247646 -0.3 -0.921234 0 -1 0
-349.418 437.694 -672.782 0.399158 -0.5 0.768552 0 -1 0
587.219 612.772 214.451 -0.67081 -0.7 -0.244978 0 -1 0
-352.705 787.849 145.592 0.402913 -0.9 -0.166317 0 -1 0
356.259 -735.582 0 -0.43589 0.9 -0 0 -1 0
-430.386 -572.119 394.269 0.526587 0.7 -0.482397 0 -1 0
61.881 -408.656 -705.104 -0.0757127 0.5 0.862709 0 -1 0
474.38 -245.194 618.744 -0.580414 0.3 -0.757047 0 -1 0
-800.785 -81.7313 -141.647 0.979778 0.1 0.173308 0 -1 0
686.155 81.7313 -436.476 -0.839526 -0.1 0.534038 0 -1 0
-202.404 245.194 752.936 0.247646 -0.3 -0.921234 0 -1 0
-326.237 408.656 -628.148 0.399158 -0.5 0.768553 0 -1 0
548.261 572.119 200.224 -0.67081 -0.7 -0.244978 0 -1 0
-329.306 735.582 135.933 0.402913 -0.9 -0.166317 0 -1 0
367.046 -757.855 0 -0.43589 0.9 -0 0 -1 0
-443.418 -589.443 406.208 0.526587 0.7 -0.482397 0 -1 0
63.7548 -421.031 -726.454 -0.0757127 0.5 0.862709 0 -1 0
488.744 -252.618 637.48 -0.580414 0.3 -0.757047 0 -1 0
-825.033 -84.2061 -145.936 0.979778 0.1 0.173308 0 -1 0
706.932 84.2062 -449.693 -0.839526 -0.1 0.534038 0 -1 0
-208.533 252.619 775.736 0.247646 -0.3 -0.921234 0 -1 0
-336.115 421.031 -647.169 0.399158 -0.5 0.768552 0 -1 0
564.863 589.443 206.287 -0.67081 -0.7 -0.244978 0 -1 0
-339.277 757.856 140.049 0.402913 -0.9 -0.166317 0 -1 0
334.967 -691.62 0 -0.43589 0.9 -0 0 -1 0
-404.665 -537.927 370.706 0.526587 0.7 -0.482397 0 -1 0
58.1828 -384.234 -662.964 -0.0757127 0.5 0.862709 0 -1 0
446.029 -230.54 581.765 -0.580414 0.3 -0.757047 0 -1 0
-752.927 -76.8467 -133.182 0.979778 0.1 0.173308 0 -1 0
645.148 76.8467 -410.391 -0.839526 -0.1 0.534038 0 -1 0
-190.308 230.54 707.938 0.247646 -0.3 -0.921234 0 -1 0
-306.74 384.234 -590.607 0.399158 -0.5 0.768552 0 -1 0
515.495 537.927 188.258 -0.67081 -0.7 -0.244978 0 -1 0
-309.625 691.62 127.809 0.402913 -0.9 -0.166317 0 -1 0
365.619 -754.909 0 -0.43589 0.9 -0 0 -1 0
-441.694 -587.151 404.628 0.526587 0.7 -0.482397 0 -1 0
63.5069 -419.394 -723.63 -0.0757127 0.5 0.862709 0 -1 0
486.844 -251.636 635.001 -0.580414 0.3 -0.757047 0 -1 0
-821.825 -83.8787 -145.369 0.979778 0.1 0.173309 0 -1 0
704.184 83.8788 -447.944 -0.839526 -0.1 0.534038 0 -1 0
-207.722 251.636 772.719 0.247646 -0.3 -0.921234 0 -1 0
-334.809 419.394 -644.652 0.399158 -0.5 0.768552 0 -1 0
562.667 587.151 205.485 -0.67081 -0.7 -0.244978 0 -1 0
-337.958 754.909 139.504 0.402913 -0.9 -0.166317 0 -1 0
347.874 -718.271 0 -0.43589 0.9 -0 0 -1 0
-420.258 -558.655 384.99 0.526587 0.7 -0.482397 0 -1 0
60.4247 -399.039 -688.51 -0.0757127 0.5 0.862709 0 -1 0
463.216 -239.424 604.183 -0.580414 0.3 -0.757046 0 -1 0
-781.94 -79.8079 -138.314 0.979777 0.1 0.173308 0 -1 0
670.008 79.8079 -426.204 -0.839526 -0.1 0.534038 0 -1 0
-197.641 239.424 735.217 0.247646 -0.3 -0.921234 0 -1 0
-318.559 399.039 -613.365 0.399158 -0.5 0.768552 0 -1 0
535.359 558.655 195.512 -0.67081 -0.7 -0.244978 0 -1 0
-321.556 718.271 132.734 0.402913 -0.9 -0.166317 0 -1 0
