60.0644 -421.527 0 -0.141067 0.99 -0 0 -1 0
-76.3254 -413.012 69.9203 0.179258 0.97 -0.164215 0 -1 0
11.6234 -404.496 -132.442 -0.0272986 0.95 0.311054 0 -1 0
95.2216 -395.98 124.2 -0.223638 0.93 -0.291695 0 -1 0
-173.836 -387.465 -30.749 0.40827 0.91 0.0722171 0 -1 0
163.808 -378.949 -104.201 -0.384719 0.89 0.244727 0 -1 0
-54.4996 -370.433 202.737 0.127998 0.87 -0.476148 0 -1 0
-103.38 -361.918 -199.051 0.242798 0.85 0.467492 0 -1 0
223.077 -353.402 81.4672 -0.523919 0.83 -0.191334 0 -1 0
-230.803 -344.886 95.2722 0.542064 0.81 -0.223756 0 -1 0
110.646 -336.37 -236.444 -0.259863 0.79 0.555312 0 -1 0
81.3064 -327.855 259.217 -0.190956 0.77 -0.608799 0 -1 0
-243.67 -319.339 -141.211 0.572284 0.75 0.331649 0 -1 0
284.214 -310.823 -62.4843 -0.667506 0.73 0.146751 0 -1 0
-172.446 -302.308 245.287 0.405006 0.71 -0.576082 0 -1 0
-39.6059 -293.792 -305.632 0.0930184 0.69 0.717807 0 -1 0
241.696 -285.276 203.701 -0.567646 0.67 -0.478412 0 -1 0
-323.293 -276.76 13.3696 0.759285 0.65 -0.0313998 0 -1 0
234.383 -268.245 -233.243 -0.550473 0.63 0.547795 0 -1 0
-15.5843 -259.729 337.033 0.0366014 0.61 -0.791556 0 -1 0
-220.263 -251.213 -263.949 0.517311 0.59 0.619911 0 -1 0
346.72 -242.698 46.6504 -0.814307 0.57 -0.109563 0 -1 0
-291.898 -234.182 203.095 0.685552 0.55 -0.47699 0 -1 0
79.2469 -225.666 -352.261 -0.186119 0.53 0.827321 0 -1 0
182.094 -217.151 317.775 -0.427665 0.51 -0.746326 0 -1 0
-353.608 -208.635 -112.809 0.830485 0.49 0.264944 0 -1 0
341.171 -200.119 -157.631 -0.801275 0.47 0.370213 0 -1 0
-146.794 -191.603 350.76 0.344761 0.45 -0.823796 0 -1 0
-130.106 -183.088 -361.724 0.305567 0.43 0.849546 0 -1 0
343.766 -174.572 180.672 -0.80737 0.41 -0.424328 0 -1 0
-379.119 -166.056 99.9359 0.8904 0.39 -0.23471 0 -1 0
213.937 -157.541 -332.724 -0.502453 0.37 0.781435 0 -1 0
67.5575 -149.025 393.091 -0.158666 0.35 -0.923215 0 -1 0
-317.778 -140.509 -246.104 0.746335 0.33 0.578 0 -1 0
403.427 -131.993 -33.4242 -0.94749 0.31 0.0785001 0 -1 0
-276.716 -123.478 299.123 0.649895 0.29 -0.702521 0 -1 0
1.99903 -114.962 -409.967 -0.00469492 0.27 0.962849 0 -1 0
276.995 -106.446 305.346 -0.650552 0.25 -0.717135 0 -1 0
-412.602 -97.9306 -38.2391 0.969038 0.23 0.0898083 0 -1 0
331.6 -89.4149 -251.674 -0.778796 0.21 0.591081 0 -1 0
-74.8197 -80.8992 411.279 0.175722 0.19 -0.965931 0 -1 0
-223.475 -72.3835 -355.123 0.524854 0.17 0.834043 0 -1 0
405.997 -63.8678 111.266 -0.953526 0.15 -0.261321 0 -1 0
-375.601 -55.3521 192.753 0.882136 0.13 -0.452699 0 -1 0
147.112 -46.8364 -396.809 -0.345506 0.11 0.931947 0 -1 0
159.888 -38.3207 392.76 -0.375513 0.09 -0.922437 0 -1 0
-383.82 -29.805 -181.899 0.901439 0.07 0.427208 0 -1 0
406.377 -21.2893 -125.291 -0.954417 0.05 0.294258 0 -1 0
-215.187 -12.7736 367.185 0.505388 0.03 -0.862371 0 -1 0
-89.3935 -4.25787 -416.274 0.20995 0.01 0.977661 0 -1 0
347.105 4.25785 246.563 -0.815211 -0.01 -0.579078 0 -1 0
-422.326 12.7736 52.637 0.991876 -0.03 -0.123623 0 -1 0
275.633 21.2892 -323.83 -0.647353 -0.05 0.760548 0 -1 0
15.482 29.8049 424.459 -0.0363612 -0.0699999 -0.996884 0 -1 0
-297.654 38.3206 -302.038 0.69907 -0.0899999 0.709367 0 -1 0
422.65 46.8364 21.6074 -0.992635 -0.11 -0.0507471 0 -1 0
-325.451 55.3521 268.907 0.764354 -0.13 -0.631556 0 -1 0
58.1666 63.8678 -416.93 -0.13661 -0.15 0.979203 0 -1 0
237.959 72.3835 345.585 -0.558871 -0.17 -0.811642 0 -1 0
-407.384 80.8992 -93.7355 0.956784 -0.19 0.220147 0 -1 0
362.198 89.4149 -205.21 -0.850658 -0.21 0.481956 0 -1 0
-127.863 97.9306 394.149 0.3003 -0.23 -0.9257 0 -1 0
-171.088 106.446 -375.088 0.401817 -0.25 0.880933 0 -1 0
377.412 114.962 160.115 -0.886391 -0.27 -0.376046 0 -1 0
-384.107 123.478 136.045 0.902114 -0.29 -0.319516 0 -1 0
190.074 131.993 -357.411 -0.446407 -0.31 0.839417 0 -1 0
100.554 140.509 389.152 -0.236161 -0.33 -0.913963 0 -1 0
-334.432 149.025 -217.348 0.785447 -0.35 0.510463 0 -1 0
390.175 157.541 -65.0992 -0.916365 -0.37 0.152892 0 -1 0
-241.573 166.056 308.806 0.567359 -0.39 -0.725261 0 -1 0
-30.1778 174.572 -387.178 0.0708757 -0.41 0.909328 0 -1 0
280.907 183.088 262.418 -0.659739 -0.43 -0.616315 0 -1 0
-380.22 191.603 -3.70806 0.892986 -0.45 0.00870874 0 -1 0
279.585 200.119 -251.153 -0.656634 -0.47 0.589857 0 -1 0
-36.0538 208.635 369.411 0.084676 -0.49 -0.8676 0 -1 0
-219.995 217.151 -292.815 0.516681 -0.51 0.687707 0 -1 0
354.915 225.666 66.3555 -0.833555 -0.53 -0.155843 0 -1 0
-301.887 234.182 187.926 0.709013 -0.55 -0.441363 0 -1 0
94.1117 242.698 -336.948 -0.221031 -0.57 0.791357 0 -1 0
155.468 251.213 306.618 -0.365132 -0.59 -0.720124 0 -1 0
-315.776 259.729 -118.824 0.741633 -0.61 0.279071 0 -1 0
306.863 268.245 -123.179 -0.720698 -0.63 0.289299 0 -1 0
-139.995 276.76 291.716 0.328793 -0.65 -0.685124 0 -1 0
-91.6534 285.276 -302.507 0.215257 -0.67 0.710468 0 -1 0
265.127 293.792 157.121 -0.622678 -0.69 -0.369015 0 -1 0
-293.459 302.308 61.5218 0.689219 -0.71 -0.14449 0 -1 0
169.678 310.823 -236.414 -0.398505 -0.73 0.555242 0 -1 0
33.4665 319.339 279.635 -0.0785995 -0.75 -0.656751 0 -1 0
-206.014 327.855 -177.095 0.483846 -0.77 0.415925 0 -1 0
260.922 336.37 -8.24134 -0.612801 -0.79 0.0193556 0 -1 0
-178.7 344.886 174.394 0.419694 -0.81 -0.409581 0 -1 0
13.2835 353.402 -237.116 -0.0311977 -0.83 0.55689 0 -1 0
142.022 361.918 173.605 -0.333553 -0.85 -0.407728 0 -1 0
-207.776 370.433 -30.0224 0.487984 -0.87 0.0705106 0 -1 0
160.437 378.949 -109.32 -0.376802 -0.89 0.25675 0 -1 0
-40.4243 387.465 171.843 0.0949405 -0.91 -0.403592 0 -1 0
-76.4833 395.98 -136.54 0.179629 -0.93 0.320677 0 -1 0
126.262 404.496 41.6404 -0.29654 -0.95 -0.0977968 0 -1 0
-94.3845 413.012 42.4974 0.221671 -0.97 -0.0998093 0 -1 0
23.7273 421.527 -55.1796 -0.0557259 -0.99 0.129595 0 -1 0
