36.4375 -75.234 0 -0.43589 0.9 -0 0 -1 0
-44.0191 -58.5153 40.3251 0.526587 0.7 -0.482397 0 -1 0
6.32908 -41.7966 -72.1167 -0.0757127 0.5 0.862709 0 -1 0
48.5187 -25.078 63.284 -0.580414 0.3 -0.757047 0 -1 0
-81.9028 -8.35933 -14.4874 0.979778 0.1 0.173308 0 -1 0
70.1787 8.35933 -44.642 -0.839526 -0.1 0.534038 0 -1 0
-20.7015 25.078 77.009 0.247646 -0.3 -0.921234 0 -1 0
-33.3669 41.7966 -64.2458 0.399158 -0.5 0.768552 0 -1 0
56.0752 58.5153 20.4785 -0.67081 -0.7 -0.244978 0 -1 0
-33.6808 75.234 13.903 0.402913 -0.9 -0.166317 0 -1 0
29.5499 -61.013 0 -0.43589 0.9 -0 0 -1 0
-35.6985 -47.4545 32.7027 0.526587 0.7 -0.482397 0 -1 0
5.13273 -33.8961 -58.485 -0.0757127 0.5 0.862709 0 -1 0
39.3475 -20.3377 51.3218 -0.580414 0.3 -0.757047 0 -1 0
-66.4213 -6.77922 -11.749 0.979778 0.1 0.173308 0 -1 0
56.9133 6.77922 -36.2036 -0.839526 -0.1 0.534038 0 -1 0
-16.7884 20.3377 62.4524 0.247646 -0.3 -0.921234 0 -1 0
-27.0598 33.8961 -52.1018 0.399158 -0.5 0.768552 0 -1 0
45.4757 47.4545 16.6076 -0.67081 -0.7 -0.244978 0 -1 0
-27.3143 61.013 11.275 0.402913 -0.9 -0.166317 0 -1 0
33.86 -69.9121 0 -0.43589 0.9 -0 0 -1 0
-40.9053 -54.3761 37.4726 0.526587 0.7 -0.482397 0 -1 0
5.88137 -38.8401 -67.0154 -0.0757127 0.5 0.862709 0 -1 0
45.0866 -23.304 58.8075 -0.580414 0.3 -0.757047 0 -1 0
-76.1092 -7.76801 -13.4626 0.979778 0.1 0.173308 0 -1 0
65.2145 7.76801 -41.4841 -0.839526 -0.1 0.534038 0 -1 0
-19.2372 23.304 71.5615 0.247646 -0.3 -0.921234 0 -1 0
-31.0066 38.8401 -59.7013 0.399158 -0.5 0.768553 0 -1 0
52.1086 54.3761 19.0299 -0.67081 -0.7 -0.244978 0 -1 0
-31.2983 69.9121 12.9195 0.402913 -0.9 -0.166317 0 -1 0
38.3276 -79.1367 0 -0.43589 0.9 -0 0 -1 0
-46.3026 -61.5507 42.417 0.526587 0.7 -0.482397 0 -1 0
6.65739 -43.9648 -75.8577 -0.0757127 0.5 0.862709 0 -1 0
51.0356 -26.3789 66.5668 -0.580414 0.3 -0.757047 0 -1 0
-86.1515 -8.79296 -15.2389 0.979778 0.1 0.173308 0 -1 0
73.8192 8.79296 -46.9577 -0.839526 -0.1 0.534038 0 -1 0
-21.7754 26.3789 81.0037 0.247646 -0.3 -0.921234 0 -1 0
-35.0978 43.9648 -67.5785 0.399158 -0.5 0.768553 0 -1 0
58.984 61.5507 21.5408 -0.67081 -0.7 -0.244978 0 -1 0
-35.428 79.1367 14.6242 0.402913 -0.9 -0.166317 0 -1 0
42.2227 -87.1789 0 -0.43589 0.9 -0 0 -1 0
-51.008 -67.8058 46.7276 0.526587 0.7 -0.482397 0 -1 0
7.33395 -48.4327 -83.5667 -0.0757127 0.5 0.862709 0 -1 0
56.222 -29.0596 73.3316 -0.580414 0.3 -0.757047 0 -1 0
-94.9066 -9.68654 -16.7876 0.979778 0.1 0.173308 0 -1 0
81.321 9.68654 -51.7298 -0.839526 -0.1 0.534038 0 -1 0
-23.9883 29.0596 89.2357 0.247646 -0.3 -0.921234 0 -1 0
-38.6646 48.4327 -74.4462 0.399158 -0.5 0.768553 0 -1 0
64.9783 67.8058 23.7299 -0.67081 -0.7 -0.244978 0 -1 0
-39.0283 87.1789 16.1103 0.402913 -0.9 -0.166317 0 -1 0
37.3879 -77.1963 0 -0.43589 0.9 -0 0 -1 0
-45.1673 -60.0416 41.3769 0.526587 0.7 -0.482397 0 -1 0
6.49416 -42.8869 -73.9978 -0.0757127 0.5 0.862709 0 -1 0
49.7843 -25.7321 64.9347 -0.580414 0.3 -0.757047 0 -1 0
-84.0392 -8.57737 -14.8653 0.979778 0.1 0.173308 0 -1 0
72.0092 8.57737 -45.8064 -0.839526 -0.1 0.534038 0 -1 0
-21.2415 25.7321 79.0176 0.247646 -0.3 -0.921234 0 -1 0
-34.2373 42.8869 -65.9216 0.399158 -0.5 0.768553 0 -1 0
57.5378 60.0416 21.0127 -0.67081 -0.7 -0.244978 0 -1 0
-34.5593 77.1964 14.2656 0.402913 -0.9 -0.166317 0 -1 0
34.2144 -70.6439 0 -0.43589 0.9 -0 0 -1 0
-41.3335 -54.9452 37.8649 0.526587 0.7 -0.482397 0 -1 0
5.94294 -39.2466 -67.7168 -0.0757127 0.5 0.862709 0 -1 0
45.5586 -23.548 59.423 -0.580414 0.3 -0.757047 0 -1 0
-76.9059 -7.84932 -13.6035 0.979778 0.1 0.173308 0 -1 0
65.8971 7.84932 -41.9183 -0.839526 -0.1 0.534038 0 -1 0
-19.4385 23.548 72.3106 0.247646 -0.3 -0.921234 0 -1 0
-31.3312 39.2466 -60.3261 0.399158 -0.5 0.768553 0 -1 0
52.654 54.9452 19.2291 -0.67081 -0.7 -0.244978 0 -1 0
-31.6259 70.6439 13.0547 0.402913 -0.9 -0.166317 0 -1 0
31.3231 -64.6741 0 -0.43589 0.9 -0 0 -1 0
-37.8406 -50.3021 34.6651 0.526587 0.7 -0.482397 0 -1 0
5.44072 -35.93 -61.9944 -0.0757127 0.5 0.862709 0 -1 0
41.7086 -21.558 54.4014 -0.580414 0.3 -0.757047 0 -1 0
-70.4069 -7.18601 -12.454 0.979778 0.1 0.173308 0 -1 0
60.3284 7.18601 -38.376 -0.839526 -0.1 0.534038 0 -1 0
-17.7958 21.558 66.1999 0.247646 -0.3 -0.921234 0 -1 0
-28.6835 35.93 -55.2282 0.399158 -0.5 0.768553 0 -1 0
48.2044 50.3021 17.6041 -0.67081 -0.7 -0.244978 0 -1 0
-28.9533 64.6741 11.9515 0.402913 -0.9 -0.166317 0 -1 0
41.8884 -86.4887 0 -0.43589 0.9 -0 0 -1 0
-50.6042 -67.269 46.3576 0.526587 0.7 -0.482397 0 -1 0
7.27589 -48.0493 -82.9051 -0.0757127 0.5 0.862709 0 -1 0
55.777 -28.8296 72.7511 -0.580414 0.3 -0.757047 0 -1 0
-94.1552 -9.60986 -16.6547 0.979778 0.1 0.173309 0 -1 0
80.6772 9.60986 -51.3203 -0.839526 -0.1 0.534038 0 -1 0
-23.7984 28.8296 88.5292 0.247646 -0.3 -0.921234 0 -1 0
-38.3585 48.0493 -73.8568 0.399158 -0.5 0.768553 0 -1 0
64.4639 67.269 23.542 -0.67081 -0.7 -0.244978 0 -1 0
-38.7193 86.4887 15.9828 0.402913 -0.9 -0.166317 0 -1 0
40.1216 -82.8406 0 -0.43589 0.9 -0 0 -1 0
-48.4698 -64.4316 44.4023 0.526587 0.7 -0.482397 0 -1 0
6.96899 -46.0226 -79.4082 -0.0757127 0.5 0.862709 0 -1 0
53.4243 -27.6135 69.6825 -0.580414 0.3 -0.757047 0 -1 0
-90.1838 -9.20452 -15.9522 0.979778 0.1 0.173308 0 -1 0
77.2743 9.20452 -49.1556 -0.839526 -0.1 0.534038 0 -1 0
-22.7946 27.6136 84.7951 0.247646 -0.3 -0.921234 0 -1 0
-36.7406 46.0226 -70.7415 0.399158 -0.5 0.768553 0 -1 0
61.7448 64.4316 22.549 -0.67081 -0.7 -0.244978 0 -1 0
-37.0862 82.8407 15.3087 0.402913 -0.9 -0.166317 0 -1 0
