20.0878 -41.4762 0 -0.43589 0.9 -0 0 -1 0
-24.2675 -32.2592 22.2311 0.526587 0.7 -0.482397 0 -1 0
3.48919 -23.0423 -39.7576 -0.0757127 0.5 0.862709 0 -1 0
26.7482 -13.8254 34.8882 -0.580414 0.3 -0.757047 0 -1 0
-45.1527 -4.60846 -7.98686 0.979778 0.1 0.173309 0 -1 0
38.6892 4.60846 -24.6109 -0.839526 -0.1 0.534038 0 -1 0
-11.4127 13.8254 42.4547 0.247646 -0.3 -0.921234 0 -1 0
-18.395 23.0423 -35.4185 0.399158 -0.5 0.768553 0 -1 0
30.914 32.2592 11.2897 -0.67081 -0.7 -0.244978 0 -1 0
-18.5681 41.4762 7.66464 0.402913 -0.9 -0.166317 0 -1 0
20.495 -42.3168 0 -0.43589 0.9 -0 0 -1 0
-24.7594 -32.9131 22.6817 0.526587 0.7 -0.482397 0 -1 0
3.55991 -23.5093 -40.5635 -0.0757127 0.5 0.862709 0 -1 0
27.2903 -14.1056 35.5953 -0.580414 0.3 -0.757047 0 -1 0
-46.0679 -4.70187 -8.14874 0.979778 0.1 0.173308 0 -1 0
39.4734 4.70187 -25.1098 -0.839526 -0.1 0.534038 0 -1 0
-11.644 14.1056 43.3152 0.247646 -0.3 -0.921234 0 -1 0
-18.7679 23.5093 -36.1363 0.399158 -0.5 0.768552 0 -1 0
31.5406 32.9131 11.5185 -0.67081 -0.7 -0.244978 0 -1 0
-18.9444 42.3168 7.81999 0.402913 -0.9 -0.166317 0 -1 0
24.9989 -51.6163 0 -0.43589 0.9 -0 0 -1 0
-30.2005 -40.146 27.6662 0.526587 0.7 -0.482397 0 -1 0
4.34224 -28.6757 -49.4776 -0.0757127 0.5 0.862709 0 -1 0
33.2876 -17.2054 43.4177 -0.580414 0.3 -0.757047 0 -1 0
-56.1917 -5.73515 -9.9395 0.979778 0.1 0.173308 0 -1 0
48.148 5.73515 -30.6278 -0.839526 -0.1 0.534038 0 -1 0
-14.2028 17.2054 52.8341 0.247646 -0.3 -0.921234 0 -1 0
-22.8923 28.6757 -44.0776 0.399158 -0.5 0.768553 0 -1 0
38.4719 40.146 14.0499 -0.67081 -0.7 -0.244978 0 -1 0
-23.1076 51.6163 9.53851 0.402913 -0.9 -0.166317 0 -1 0
25.5881 -52.8328 0 -0.43589 0.9 -0 0 -1 0
-30.9123 -41.0922 28.3182 0.526587 0.7 -0.482397 0 -1 0
4.44457 -29.3516 -50.6437 -0.0757127 0.5 0.862709 0 -1 0
34.0721 -17.6109 44.441 -0.580414 0.3 -0.757047 0 -1 0
-57.516 -5.87031 -10.1737 0.979778 0.1 0.173308 0 -1 0
49.2828 5.87031 -31.3497 -0.839526 -0.1 0.534038 0 -1 0
-14.5376 17.6109 54.0793 0.247646 -0.3 -0.921234 0 -1 0
-23.4318 29.3516 -45.1164 0.399158 -0.5 0.768552 0 -1 0
39.3786 41.0922 14.381 -0.67081 -0.7 -0.244978 0 -1 0
-23.6522 52.8328 9.76331 0.402913 -0.9 -0.166317 0 -1 0
21.2331 -43.8409 0 -0.43589 0.9 -0 0 -1 0
-25.6511 -34.0985 23.4986 0.526587 0.7 -0.482397 0 -1 0
3.68813 -24.356 -42.0244 -0.0757127 0.5 0.862709 0 -1 0
28.2732 -14.6136 36.8773 -0.580414 0.3 -0.757047 0 -1 0
-47.727 -4.87121 -8.44222 0.979778 0.1 0.173308 0 -1 0
40.8951 4.87121 -26.0141 -0.839526 -0.1 0.534038 0 -1 0
-12.0633 14.6136 44.8752 0.247646 -0.3 -0.921234 0 -1 0
-19.4438 24.356 -37.4378 0.399158 -0.5 0.768553 0 -1 0
32.6765 34.0985 11.9334 -0.67081 -0.7 -0.244978 0 -1 0
-19.6267 43.8409 8.10164 0.402913 -0.9 -0.166317 0 -1 0
41.4398 -85.5625 0 -0.43589 0.9 -0 0 -1 0
-50.0623 -66.5486 45.8612 0.526587 0.7 -0.482397 0 -1 0
7.19797 -47.5347 -82.0173 -0.0757127 0.5 0.862709 0 -1 0
55.1797 -28.5208 71.972 -0.580414 0.3 -0.757047 0 -1 0
-93.147 -9.50695 -16.4763 0.979778 0.1 0.173308 0 -1 0
79.8133 9.50695 -50.7707 -0.839526 -0.1 0.534038 0 -1 0
-23.5436 28.5209 87.5812 0.247646 -0.3 -0.921234 0 -1 0
-37.9477 47.5347 -73.0659 0.399158 -0.5 0.768552 0 -1 0
63.7735 66.5486 23.2899 -0.67081 -0.7 -0.244978 0 -1 0
-38.3047 85.5625 15.8116 0.402913 -0.9 -0.166317 0 -1 0
19.3859 -40.0269 0 -0.43589 0.9 -0 0 -1 0
-23.4196 -31.132 21.4542 0.526587 0.7 -0.482397 0 -1 0
3.36727 -22.2371 -38.3684 -0.0757127 0.5 0.862709 0 -1 0
25.8135 -13.3423 33.6691 -0.580414 0.3 -0.757047 0 -1 0
-43.5749 -4.44743 -7.70777 0.979778 0.1 0.173308 0 -1 0
37.3373 4.44743 -23.751 -0.839526 -0.1 0.534038 0 -1 0
-11.0139 13.3423 40.9712 0.247646 -0.3 -0.921234 0 -1 0
-17.7523 22.2371 -34.1808 0.399158 -0.5 0.768552 0 -1 0
29.8338 31.132 10.8952 -0.67081 -0.7 -0.244978 0 -1 0
-17.9193 40.0269 7.39682 0.402913 -0.9 -0.166317 0 -1 0
20.8847 -43.1215 0 -0.43589 0.9 -0 0 -1 0
-25.2302 -33.539 23.113 0.526587 0.7 -0.482397 0 -1 0
3.62761 -23.9564 -41.3348 -0.0757127 0.5 0.862709 0 -1 0
27.8093 -14.3738 36.2722 -0.580414 0.3 -0.757047 0 -1 0
-46.9439 -4.79128 -8.30369 0.979778 0.1 0.173308 0 -1 0
40.224 4.79128 -25.5872 -0.839526 -0.1 0.534038 0 -1 0
-11.8654 14.3738 44.1389 0.247646 -0.3 -0.921234 0 -1 0
-19.1248 23.9564 -36.8235 0.399158 -0.5 0.768553 0 -1 0
32.1404 33.539 11.7376 -0.67081 -0.7 -0.244978 0 -1 0
-19.3047 43.1215 7.9687 0.402913 -0.9 -0.166317 0 -1 0
22.6679 -46.8034 0 -0.43589 0.9 -0 0 -1 0
-27.3845 -36.4026 25.0864 0.526587 0.7 -0.482397 0 -1 0
3.93735 -26.0019 -44.8641 -0.0757127 0.5 0.862709 0 -1 0
30.1837 -15.6011 39.3693 -0.580414 0.3 -0.757047 0 -1 0
-50.9521 -5.20038 -9.01269 0.979778 0.1 0.173308 0 -1 0
43.6585 5.20038 -27.772 -0.839526 -0.1 0.534038 0 -1 0
-12.8785 15.6011 47.9076 0.247646 -0.3 -0.921234 0 -1 0
-20.7577 26.0019 -39.9676 0.399158 -0.5 0.768553 0 -1 0
34.8846 36.4026 12.7398 -0.67081 -0.7 -0.244978 0 -1 0
-20.953 46.8034 8.64909 0.402913 -0.9 -0.166317 0 -1 0
23.4182 -48.3526 0 -0.43589 0.9 -0 0 -1 0
-28.2909 -37.6075 25.9168 0.526587 0.7 -0.482397 0 -1 0
4.06767 -26.8625 -46.3491 -0.0757127 0.5 0.862709 0 -1 0
31.1828 -16.1175 40.6724 -0.580414 0.3 -0.757047 0 -1 0
-52.6386 -5.3725 -9.31101 0.979778 0.1 0.173309 0 -1 0
45.1036 5.37251 -28.6912 -0.839526 -0.1 0.534038 0 -1 0
-13.3048 16.1175 49.4933 0.247646 -0.3 -0.921234 0 -1 0
-21.4448 26.8625 -41.2905 0.399158 -0.5 0.768552 0 -1 0
36.0393 37.6075 13.1615 -0.67081 -0.7 -0.244978 0 -1 0
-21.6465 48.3526 8.93538 0.402913 -0.9 -0.166317 0 -1 0
